0.0314109
0.187277
0.340068
0.487275
0.626481
0.7554
0.871916
0.974114
1.06032
1.12911
1.17936
1.21025
1.22127
1.21223
1.18329
1.13492
1.06791
0.983369
0.88268
0.767498
0.639713
0.501424
0.354902
0.202552
0.0468763
-0.109569
-0.264215
-0.414523
-0.558024
-0.692363
-0.815333
-0.924915
-1.01931
-1.09697
-1.15661
-1.19727
-1.21826
-1.21926
-1.20023
-1.16149
-1.10368
-1.02775
-0.934946
-0.826788
-0.705054
-0.571743
-0.429044
-0.279301
-0.124971
0.0314109

0.00698227
0.0770266
0.146761
0.215904
0.284178
0.351308
0.417023
0.481058
0.543157
0.603069
0.660553
0.715376
0.767319
0.816172
0.861739
0.903836
0.942293
0.976957
1.00769
1.03436
1.05686
1.07512
1.08904
1.09857
1.10369
1.10436
1.10058
1.09237
1.07976
1.06281
1.04157
1.01614
0.98662
0.953126
0.915795
0.874775
0.830234
0.782349
0.731314
0.677334
0.620627
0.561421
0.499954
0.436474
0.371237
0.304504
0.236546
0.167635
0.0980491
0.0280682
-0.0420256
-0.11195
-0.181424
-0.250167
-0.317903
-0.384359
-0.449267
-0.512366
-0.573402
-0.632129
-0.688311
-0.741721
-0.792144
-0.839378
-0.883232
-0.92353
-0.960108
-0.992821
-1.02154
-1.04614
-1.06653
-1.08262
-1.09436
-1.10169
-1.10458
-1.10302
-1.09703
-1.08661
-1.07182
-1.05272
-1.02937
-1.00189
-0.970362
-0.934931
-0.895735
-0.852934
-0.806698
-0.757212
-0.704678
-0.649308
-0.591322
-0.530954
-0.46845
-0.404059
-0.338041
-0.270661
-0.202192
-0.132909
-0.0630906
0.00698227