-1.10164e+12
2.26507e+12
-3.06597e+12
3.28668e+12
-2.79044e+12
1.55845e+12
3.01549e+11
-2.58005e+12
5.01927e+12
-7.38147e+12
9.51265e+12
-1.13812e+13
1.30779e+13
-1.47734e+13
1.66438e+13
-1.8787e+13
2.11551e+13
-2.353e+13
2.55545e+13
-2.68135e+13
2.6945e+13
-2.57466e+13
2.3244e+13
-1.96982e+13
1.55497e+13
-1.13161e+13
7.47636e+12
-4.37356e+12
2.16374e+12
-8.16854e+11
1.62029e+11
4.33175e+10
-4.33839e+10
3.11035e+10
-1.21718e+11
3.52874e+11
-7.04387e+11
1.12718e+12
-1.57037e+12
1.998e+12
-2.3912e+12
2.73762e+12
-3.01501e+12
3.17833e+12
-3.15887e+12
2.87916e+12
-2.28097e+12
1.35763e+12
-1.79018e+11
-1.10164e+12

-1.40711e+43
1.82981e+43
-2.20283e+43
2.5163e+43
-2.76422e+43
2.94436e+43
-3.05799e+43
3.10912e+43
-3.10382e+43
3.04933e+43
-2.95343e+43
2.82386e+43
-2.66804e+43
2.49286e+43
-2.30471e+43
2.1095e+43
-1.91277e+43
1.71973e+43
-1.53536e+43
1.36437e+43
-1.2112e+43
1.07998e+43
-9.7438e+42
8.9747e+42
-8.51542e+42
8.37858e+42
-8.56408e+42
9.05687e+42
-9.8254e+42
1.08212e+43
-1.19799e+43
1.32237e+43
-1.44653e+43
1.56132e+43
-1.65771e+43
1.72743e+43
-1.7635e+43
1.76081e+43
-1.71651e+43
1.63032e+43
-1.50476e+43
1.34505e+43
-1.1589e+43
9.55997e+42
-7.4725e+42
5.43859e+42
-3.5628e+42
1.93228e+42
-6.0852e+41
-3.77806e+41
1.0282e+42
-1.37366e+42
1.46855e+42
-1.382e+42
1.18842e+42
-9.58401e+41
7.51217e+41
-6.09745e+41
5.57937e+41
-6.00729e+41
7.25929e+41
-9.07508e+41
1.10972e+42
-1.29156e+42
1.41119e+42
-1.42991e+42
1.31545e+42
-1.04437e+42
6.03209e+41
1.1471e+40
-7.94289e+41
1.73315e+42
-2.81196e+42
4.01337e+42
-5.32114e+42
6.72167e+42
-8.20424e+42
9.76002e+42
-1.13799e+43
1.30514e+43
-1.4755e+43
1.64613e+43
-1.81279e+43
1.96986e+43
-2.11033e+43
2.22605e+43
-2.30808e+43
2.34725e+43
-2.3348e+43
2.26314e+43
-2.12658e+43
1.92206e+43
-1.64977e+43
1.31353e+43
-9.20934e+42
4.83207e+42
-1.46379e+41
-4.68279e+42
9.47978e+42
-1.40711e+43