0.0129425
0.140729
0.266205
0.387309
0.502054
0.608555
0.705064
0.789996
0.861956
0.919762
0.962466
0.989367
1.00002
0.994257
0.972166
0.934112
0.88072
0.812867
0.731666
0.638452
0.534754
0.422275
0.302863
0.178478
0.051162
-0.0769939
-0.203886
-0.32743
-0.445597
-0.556448
-0.658162
-0.749069
-0.827676
-0.892693
-0.943052
-0.977926
-0.996742
-0.999192
-0.985236
-0.955101
-0.909284
-0.848537
-0.773857
-0.686469
-0.587811
-0.4795
-0.363316
-0.241166
-0.115056
0.0129425


0.00316525
0.0665841
0.129735
0.192363
0.254217
0.315047
0.374608
0.432662
0.488972
0.543314
0.595469
0.645225
0.692384
0.736754
0.778158
0.816428
0.851411
0.882966
0.910965
0.935296
0.955861
0.972577
0.985377
0.994209
0.999038
0.999844
0.996624
0.989391
0.978174
0.963018
0.943984
0.92115
0.894606
0.86446
0.830833
0.793861
0.753692
0.710488
0.664423
0.615683
0.564464
0.510972
0.455422
0.398039
0.339053
0.278701
0.217227
0.154879
0.091907
0.0285649
-0.0348922
-0.0982089
-0.16113
-0.223402
-0.284775
-0.345001
-0.403838
-0.461049
-0.516403
-0.569678
-0.620659
-0.669141
-0.714929
-0.757838
-0.797695
-0.83434
-0.867625
-0.897417
-0.923596
-0.946055
-0.964705
-0.97947
-0.990292
-0.997126
-0.999944
-0.998737
-0.993508
-0.984278
-0.971085
-0.953982
-0.933037
-0.908335
-0.879976
-0.848074
-0.812756
-0.774166
-0.732459
-0.687802
-0.640376
-0.590371
-0.537989
-0.483441
-0.426946
-0.368731
-0.309032
-0.248089
-0.186147
-0.123455
-0.0602663
0.00316525