-3.40006e-16
0.104534
0.207351
0.306764
0.40114
0.488929
0.56869
0.639113
0.699041
0.747492
0.783668
0.806977
0.817036
0.813678
0.79696
0.767156
0.724756
0.670454
0.605144
0.529898
0.445951
0.354681
0.257587
0.156264
0.0523746
-0.0523746
-0.156264
-0.257587
-0.354681
-0.445951
-0.529898
-0.605144
-0.670454
-0.724756
-0.767156
-0.79696
-0.813678
-0.817036
-0.806977
-0.783668
-0.747492
-0.699041
-0.639113
-0.56869
-0.488929
-0.40114
-0.306764
-0.207351
-0.104534
-3.40006e-16

8.32667e-17
0.057405
0.114579
0.171291
0.227314
0.282422
0.336392
0.389007
0.440057
0.489334
0.536641
0.581787
0.624591
0.664879
0.70249
0.737273
0.769087
0.797804
0.823308
0.845497
0.864282
0.879587
0.89135
0.899523
0.904075
0.904986
0.902253
0.895888
0.885914
0.872374
0.85532
0.834823
0.810964
0.78384
0.753559
0.720244
0.684029
0.64506
0.603493
0.559496
0.513246
0.464929
0.414741
0.362882
0.309562
0.254996
0.199403
0.143007
0.0860352
0.028717
-0.028717
-0.0860352
-0.143007
-0.199403
-0.254996
-0.309562
-0.362882
-0.414741
-0.464929
-0.513246
-0.559496
-0.603493
-0.64506
-0.684029
-0.720244
-0.753559
-0.78384
-0.810964
-0.834823
-0.85532
-0.872374
-0.885914
-0.895888
-0.902253
-0.904986
-0.904075
-0.899523
-0.89135
-0.879587
-0.864282
-0.845497
-0.823308
-0.797804
-0.769087
-0.737273
-0.70249
-0.664879
-0.624591
-0.581787
-0.536641
-0.489334
-0.440057
-0.389007
-0.336392
-0.282422
-0.227314
-0.171291
-0.114579
-0.057405
8.32667e-17