1.18127
1.24373
1.30603
1.36792
1.42916
1.48952
1.54876
1.60666
1.663
1.71754
1.77008
1.82042
1.86835
1.91367
1.95622
1.99582
2.0323
2.06552
2.09533
2.12162
2.14426
2.16316
2.17823
2.18939
2.19661
2.19982
2.19901
2.19417
2.18531
2.17245
2.15562
2.1349
2.11035
2.08205
2.05013
2.01469
1.97589
1.93386
1.88878
1.84083
1.7902
1.7371
1.68175
1.62438
1.56523
1.50453
1.44256
1.37956
1.3158
1.25155
1.18709
1.12268
1.0586
0.995111
0.932491
0.870998
0.810891
0.752421
0.695832
0.641359
0.589226
0.539647
0.492824
0.448947
0.40819
0.370715
0.33667
0.306185
0.279378
0.256346
0.237175
0.221931
0.210664
0.203409
0.200182
0.200985
0.205802
0.214602
0.227338
0.243948
0.264354
0.288466
0.316177
0.34737
0.381912
0.41966
0.460459
0.504143
0.550535
0.599451
0.650695
0.704066
0.759354
0.816343
0.874811
0.934531
0.995273
1.0568
1.11888
1.18127




0.738044
0.773986
0.810357
0.847112
0.884208
0.921605
0.959264
0.997146
1.03521
1.07343
1.11177
1.15018
1.18864
1.2271
1.26554
1.30393
1.34222
1.38038
1.41837
1.45616
1.49372
1.53099
1.56795
1.60455
1.64075
1.6765
1.71176
1.74647
1.78059
1.81405
1.8468
1.87877
1.9099
1.9401
1.9693
1.99741
2.02433
2.04995
2.07417
2.09684
2.11782
2.13695
2.15405
2.1689
2.18127
2.19088
2.1974
2.20048
2.19968
2.19446
2.18421
2.16816
2.14538
2.11472
2.07471
2.02353
1.9588
1.87756
1.77618
1.65135
1.50235
1.33399
1.15712
0.985128
0.82894
0.694228
0.581908
0.49014
0.416094
0.356932
0.310182
0.273811
0.246183
0.225983
0.21215
0.203824
0.200299
0.200988
0.205402
0.213128
0.223813
0.237154
0.25289
0.270793
0.290662
0.312322
0.335614
0.360399
0.386551
0.413957
0.442513
0.472126
0.50271
0.534186
0.566481
0.599529
0.633266
0.667634
0.702577
0.738044




0.586294
0.613007
0.64006
0.667424
0.695076
0.722994
0.751156
0.779541
0.808131
0.836908
0.865855
0.894956
0.924195
0.953556
0.983026
1.01259
1.04224
1.07195
1.10172
1.13152
1.16136
1.19121
1.22107
1.25092
1.28074
1.31054
1.34028
1.36997
1.39958
1.42911
1.45853
1.48785
1.51703
1.54607
1.57495
1.60365
1.63216
1.66045
1.68852
1.71633
1.74387
1.77111
1.79803
1.8246
1.85079
1.87658
1.90192
1.92677
1.95111
1.97488
1.99802
2.0205
2.04226
2.06309
2.08311
2.10261
2.11991
2.13564
2.1547
2.1676
2.16786
2.1932
2.22106
2.16321
2.16265
2.31685
2.20295
1.89822
2.22827
2.56113
1.75575
0.738949
0.371152
0.282439
0.244048
0.221542
0.208384
0.201837
0.200307
0.202747
0.208422
0.216793
0.22745
0.240072
0.254404
0.270237
0.287398
0.305744
0.325152
0.345517
0.366748
0.388766
0.411501
0.434892
0.458884
0.483428
0.508479
0.533998
0.559947
0.586294



0.518779
0.541533
0.564578
0.587895
0.611462
0.635263
0.659279
0.683496
0.7079
0.732475
0.757211
0.782094
0.807113
0.832258
0.857518
0.882883
0.908344
0.933893
0.959519
0.985216
1.01097
1.03679
1.06264
1.08854
1.11447
1.14042
1.16639
1.19237
1.21835
1.24432
1.27028
1.29623
1.32214
1.34802
1.37386
1.39965
1.42539
1.45106
1.47665
1.50216
1.52759
1.55291
1.57812
1.60322
1.62818
1.65301
1.67767
1.70217
1.72658
1.75062
1.77436
1.79881
1.8219
1.84296
1.87024
1.89403
1.90155
1.93803
1.98296
1.94171
1.96924
2.12224
2.00733
1.86881
2.25715
2.26928
1.66783
2.05087
2.72558
1.89323
1.34247
2.63677
2.81074
1.27603
1.33895
3.02307
2.73436
0.905781
0.238927
0.201109
0.202785
0.208177
0.21605
0.225954
0.237559
0.250617
0.26493
0.280339
0.296717
0.313954
0.331961
0.350661
0.369988
0.389885
0.4103
0.431191
0.452517
0.474245
0.496341
0.518779
