1.18177
1.2442
1.30645
1.36828
1.42946
1.48976
1.54893
1.60675
1.66301
1.71747
1.76992
1.82017
1.86801
1.91325
1.95571
1.99522
2.03162
2.06476
2.0945
2.12072
2.14331
2.16215
2.17718
2.18832
2.19551
2.19871
2.19791
2.19308
2.18424
2.1714
2.15462
2.13395
2.10945
2.08123
2.04938
2.01402
1.9753
1.93337
1.88838
1.84052
1.78999
1.73699
1.68173
1.62445
1.56537
1.50476
1.44286
1.37992
1.31623
1.25203
1.18761
1.12324
1.05918
0.99571
0.933097
0.871605
0.81149
0.753006
0.696397
0.641897
0.589734
0.54012
0.49326
0.449343
0.408546
0.371032
0.336949
0.306428
0.279587
0.256526
0.237329
0.222063
0.210781
0.203515
0.200284
0.201087
0.205911
0.214723
0.227476
0.244107
0.26454
0.288681
0.316425
0.347653
0.382231
0.420016
0.460852
0.504571
0.550997
0.599943
0.651215
0.704609
0.759915
0.816915
0.875389
0.935109
0.995843
1.05736
1.11941
1.18177


0.748954
0.78498
0.821398
0.858164
0.895234
0.932568
0.970126
1.00787
1.04576
1.08376
1.12184
1.15995
1.19807
1.23616
1.27417
1.31209
1.34987
1.38747
1.42485
1.46199
1.49884
1.53536
1.57151
1.60724
1.64251
1.67728
1.71149
1.74509
1.77802
1.81023
1.84166
1.87222
1.90186
1.93049
1.95802
1.98437
2.00942
2.03308
2.05521
2.07568
2.09434
2.11101
2.12552
2.13764
2.14713
2.15372
2.15709
2.15688
2.15267
2.14399
2.13026
2.11083
2.08493
2.05165
2.00996
1.95864
1.89634
1.8216
1.733
1.62932
1.51007
1.37602
1.22996
1.07718
0.925122
0.781958
0.654399
0.546094
0.457486
0.386863
0.331645
0.289237
0.257401
0.234329
0.218588
0.209047
0.204808
0.205145
0.209468
0.217291
0.228207
0.241873
0.257998
0.276331
0.296654
0.318777
0.342533
0.367774
0.394368
0.422197
0.451155
0.481143
0.512075
0.54387
0.576453
0.609756
0.643715
0.678271
0.713368
0.748954


0.503181
0.524536
0.54615
0.568002
0.590075
0.612353
0.634819
0.657461
0.680266
0.70322
0.726313
0.749534
0.772873
0.796321
0.819869
0.843508
0.86723
0.891027
0.914892
0.938818
0.962797
0.986823
1.01089
1.03499
1.05912
1.08326
1.10743
1.1316
1.15578
1.17995
1.20411
1.22826
1.25239
1.27649
1.30055
1.32458
1.34856
1.37249
1.39636
1.42016
1.44388
1.46753
1.49109
1.51455
1.5379
1.56114
1.58425
1.60723
1.63007
1.65275
1.67526
1.69759
1.71973
1.74166
1.76336
1.78482
1.80601
1.82692
1.84753
1.8678
1.88771
1.90722
1.9263
1.94491
1.96299
1.9805
1.99736
2.01349
2.02881
2.04318
2.05647
2.06847
2.0789
2.08734
2.09306
2.09453
2.08779
2.06088
1.97575
1.72513
1.15187
0.489676
0.249251
0.23036
0.238949
0.250808
0.264111
0.278552
0.293963
0.310219
0.327217
0.344872
0.363115
0.381887
0.401137
0.420819
0.440897
0.461336
0.482107
0.503181

1.77652
1.79016
1.80361
1.81669
1.82888
1.83882
1.84279
1.83096
1.77906
1.63638
1.34107
0.939756
0.649368
0.548082
0.533998
0.542178
0.555077
0.568981
0.583137
0.597389
0.611702
0.626067
0.640479
0.654936
0.669435
0.683975
0.698552
0.713165
0.727812
0.742492
0.757201
0.771939
0.786704
0.801495
0.81631
0.831148
0.846006
0.860885
0.875783
0.890697
0.905629
0.920575
0.935535
0.950508
0.965493
0.980488
0.995493
1.01051
1.02553
1.04056
1.05559
1.07063
1.08567
1.10072
1.11576
1.13081
1.14586
1.16091
1.17595
1.19099
1.20603
1.22106
1.23609
1.25111
1.26613
1.28113
1.29613
1.31111
1.32608
1.34104
1.35599
1.37092
1.38583
1.40073
1.41561
1.43046
1.4453
1.46012
1.47491
1.48967
1.50441
1.51912
1.5338
1.54844
1.56306
1.57764
1.59218
1.60668
1.62113
1.63555
1.64991
1.66423
1.67849
1.6927
1.70684
1.72093
1.73494
1.74889
1.76275
1.77652


1.04799
1.05676
1.06553
1.0743
1.08307
1.09184
1.10061
1.10938
1.11815
1.12692
1.13569
1.14446
1.15323
1.162
1.17077
1.17954
1.1883
1.19707
1.20584
1.2146
1.22336
1.23213
1.24089
1.24964
1.2584
1.26716
1.27591
1.28466
1.29341
1.30216
1.3109
1.31965
1.32838
1.33712
1.34585
1.35458
1.36331
1.37204
1.38076
1.38947
1.39818
1.40689
1.4156
1.4243
1.43299
1.44168
1.45037
1.45905
1.46772
1.47639
1.48504
1.49369
1.50233
1.51093
1.5195
1.52798
1.53632
1.54439
1.55195
1.55851
1.56321
1.56441
1.55914
1.54228
1.50582
1.43936
1.33508
1.19854
1.05656
0.943271
0.873783
0.840446
0.828827
0.828221
0.832761
0.839621
0.847513
0.855864
0.864421
0.87307
0.881763
0.890477
0.899202
0.907934
0.91667
0.925409
0.934152
0.942898
0.951645
0.960396
0.969148
0.977902
0.986659
0.995416
1.00418
1.01294
1.0217
1.03046
1.03923
1.04799
