

0.89499
0.940128
0.985685
1.03159
1.07776
1.12412
1.17061
1.21716
1.26369
1.31013
1.35641
1.40245
1.44819
1.49355
1.53844
1.5828
1.62654
1.66958
1.71182
1.75318
1.79356
1.83286
1.87098
1.90779
1.94318
1.97703
2.00919
2.03953
2.06789
2.0941
2.118
2.13938
2.15805
2.17378
2.18635
2.19555
2.20098
2.20241
2.19958
2.19219
2.17993
2.16248
2.13954
2.11081
2.07604
2.03499
1.98752
1.93354
1.87308
1.8063
1.73348
1.65507
1.57169
1.4841
1.39323
1.3001
1.20584
1.11161
1.01856
0.92779
0.840322
0.757044
0.678699
0.605873
0.538996
0.478344
0.42406
0.376168
0.334594
0.299187
0.269738
0.245995
0.227682
0.214504
0.206164
0.202375
0.202875
0.207355
0.215522
0.227117
0.241897
0.259634
0.280114
0.303138
0.328518
0.356079
0.385658
0.417102
0.450266
0.485016
0.521226
0.558775
0.597552
0.637448
0.678364
0.720202
0.76287
0.80628
0.850347
0.89499


0.677988
0.709573
0.741524
0.773806
0.806391
0.839248
0.872351
0.905673
0.939189
0.972876
1.00671
1.04067
1.07473
1.10887
1.14308
1.17732
1.21158
1.24584
1.28008
1.31428
1.34842
1.38247
1.41641
1.45023
1.4839
1.51739
1.55069
1.58376
1.61658
1.64913
1.68136
1.71326
1.74478
1.7759
1.80657
1.83674
1.86639
1.89545
1.92387
1.9516
1.97856
2.00468
2.02988
2.05407
2.07714
2.09897
2.11944
2.13829
2.15565
2.17063
2.18378
2.19442
2.20189
2.20577
2.20546
2.2001
2.18851
2.16902
2.13923
2.09553
2.03256
1.94263
1.81644
1.64664
1.43494
1.19843
0.965828
0.763238
0.602461
0.481816
0.393592
0.329725
0.283853
0.251426
0.229268
0.215151
0.207488
0.205138
0.207206
0.212954
0.221825
0.233389
0.247303
0.263283
0.281092
0.300531
0.321428
0.343638
0.367033
0.391501
0.416944
0.443275
0.470416
0.498297
0.526856
0.556036
0.585785
0.616055
0.646803
0.677988

0.553644
0.57782
0.602283
0.627012
0.651987
0.677189
0.702601
0.728207
0.753992
0.779942
0.806044
0.832285
0.858654
0.88514
0.911731
0.938419
0.965192
0.992042
1.01896
1.04594
1.07296
1.10003
1.12713
1.15426
1.1814
1.20855
1.2357
1.26285
1.28998
1.31709
1.34416
1.3712
1.39819
1.42512
1.45199
1.47878
1.50549
1.53211
1.55862
1.58502
1.61129
1.63743
1.66341
1.68923
1.71488
1.74033
1.76558
1.7906
1.81538
1.83989
1.86412
1.88804
1.91163
1.93485
1.95767
1.98006
2.00198
2.02338
2.04419
2.06446
2.08371
2.1031
2.11968
2.13808
2.15299
2.16708
2.18052
2.19197
2.20111
2.20747
2.21037
2.2079
2.17417
1.95835
1.34976
0.428626
0.240952
0.2182
0.210111
0.208711
0.211817
0.218243
0.227266
0.238397
0.251285
0.265665
0.28133
0.298116
0.315886
0.33453
0.353953
0.374077
0.394833
0.416161
0.43801
0.460335
0.483095
0.506254
0.52978
0.553644

0.450864
0.469205
0.487772
0.506549
0.525521
0.544673
0.563992
0.583468
0.60309
0.622847
0.642731
0.662735
0.682849
0.703066
0.723381
0.743787
0.764277
0.784847
0.80549
0.826203
0.846979
0.867816
0.888707
0.90965
0.930639
0.951672
0.972745
0.993854
1.01499
1.03616
1.05736
1.07858
1.09982
1.12107
1.14234
1.16362
1.1849
1.20619
1.22748
1.24877
1.27005
1.29132
1.31259
1.33384
1.35507
1.37628
1.39747
1.41863
1.43977
1.46087
1.48193
1.50295
1.52393
1.54485
1.56573
1.58655
1.60731
1.628
1.64862
1.66917
1.68964
1.71002
1.7303
1.75049
1.77057
1.79054
1.81038
1.8301
1.84967
1.8691
1.88837
1.90746
1.92637
1.94508
1.96358
1.98184
1.99982
2.01773
2.03444
2.05388
2.065
2.0911
2.0957
2.11768
2.11681
1.97578
1.45528
0.465884
0.274282
0.285803
0.300202
0.315229
0.330797
0.346846
0.363324
0.38019
0.397406
0.414942
0.43277
0.450864

1.94887
1.85225
1.40316
0.667819
0.436938
0.442914
0.457493
0.472414
0.48746
0.502618
0.51788
0.53324
0.548692
0.56423
0.579849
0.595544
0.611312
0.627147
0.643046
0.659006
0.675022
0.691093
0.707215
0.723385
0.739601
0.75586
0.77216
0.788498
0.804873
0.821283
0.837725
0.854197
0.870698
0.887227
0.903781
0.920358
0.936958
0.953579
0.97022
0.986878
1.00355
1.02024
1.03695
1.05366
1.07039
1.08713
1.10388
1.12063
1.13739
1.15416
1.17093
1.1877
1.20448
1.22126
1.23803
1.25481
1.27158
1.28835
1.30511
1.32187
1.33862
1.35536
1.37209
1.38881
1.40552
1.42221
1.43889
1.45555
1.4722
1.48883
1.50543
1.52202
1.53858
1.55511
1.57162
1.58811
1.60456
1.62098
1.63736
1.65371
1.67002
1.68629
1.70252
1.71871
1.73484
1.75093
1.76696
1.78294
1.79886
1.81471
1.8305
1.84622
1.86186
1.87743
1.89291
1.90829
1.92359
1.93875
1.95353
1.94887

1.44556
1.45765
1.46973
1.48181
1.49388
1.50595
1.518
1.53005
1.54208
1.55411
1.56613
1.57814
1.59013
1.60212
1.61409
1.62605
1.63799
1.64993
1.66184
1.67375
1.68564
1.69751
1.70936
1.7212
1.73301
1.7447
1.75487
1.74755
1.65223
1.35407
0.870531
0.657034
0.640793
0.650266
0.661822
0.673559
0.685329
0.69712
0.708931
0.720761
0.732609
0.744474
0.756356
0.768253
0.780166
0.792094
0.804035
0.81599
0.827958
0.839938
0.85193
0.863933
0.875947
0.887971
0.900005
0.912048
0.9241
0.93616
0.948229
0.960305
0.972388
0.984478
0.996574
1.00868
1.02079
1.0329
1.04502
1.05714
1.06927
1.0814
1.09353
1.10567
1.11781
1.12996
1.1421
1.15425
1.1664
1.17855
1.1907
1.20285
1.21501
1.22716
1.23931
1.25146
1.26362
1.27577
1.28791
1.30006
1.31221
1.32435
1.33649
1.34862
1.36075
1.37288
1.38501
1.39713
1.40924
1.42135
1.43346
1.44556

1.10888
1.11818
1.12749
1.13679
1.1461
1.1554
1.16471
1.17402
1.18332
1.19263
1.20194
1.21125
1.22056
1.22986
1.23917
1.24848
1.25779
1.2671
1.2764
1.28571
1.29501
1.30432
1.31362
1.32292
1.33222
1.34152
1.35082
1.36012
1.36941
1.37871
1.388
1.39729
1.40657
1.41586
1.42514
1.43442
1.4437
1.45297
1.46224
1.47151
1.48078
1.49004
1.4993
1.50855
1.5178
1.52705
1.53629
1.54553
1.55477
1.564
1.57322
1.58244
1.59166
1.60086
1.61
1.61872
1.62412
1.60982
1.52608
1.3064
0.988936
0.810235
0.775004
0.777092
0.785213
0.794237
0.803398
0.812585
0.821781
0.830983
0.840191
0.849403
0.858621
0.867844
0.877072
0.886304
0.895541
0.904782
0.914027
0.923276
0.932529
0.941786
0.951046
0.96031
0.969577
0.978847
0.98812
0.997396
1.00667
1.01596
1.02524
1.03453
1.04381
1.0531
1.0624
1.07169
1.08099
1.09028
1.09958
1.10888

0.900227
0.907728
0.915232
0.922738
0.930246
0.937756
0.945268
0.952781
0.960297
0.967814
0.975333
0.982854
0.990376
0.997899
1.00542
1.01295
1.02048
1.02801
1.03554
1.04307
1.0506
1.05814
1.06567
1.07321
1.08074
1.08828
1.09582
1.10336
1.1109
1.11844
1.12598
1.13352
1.14106
1.14861
1.15615
1.16369
1.17124
1.17878
1.18632
1.19387
1.20141
1.20896
1.2165
1.22405
1.23159
1.23914
1.24668
1.25423
1.26177
1.26932
1.27686
1.2844
1.29195
1.29949
1.30703
1.31457
1.32211
1.32965
1.33719
1.34473
1.35227
1.35981
1.36734
1.37488
1.38241
1.38994
1.39748
1.40501
1.41254
1.42007
1.42759
1.43512
1.44264
1.45017
1.45769
1.46521
1.47273
1.48024
1.48776
1.49527
1.50278
1.51029
1.51778
1.52524
1.53249
1.53873
1.53984
1.52054
1.44541
1.27742
1.05396
0.908842
0.864022
0.858816
0.863518
0.870407
0.87777
0.885238
0.892729
0.900227

1.38498
1.39132
1.39765
1.40399
1.41032
1.41665
1.42299
1.42932
1.43565
1.44198
1.4483
1.45463
1.46095
1.46723
1.47339
1.47911
1.48306
1.48047
1.45798
1.39063
1.25878
1.09347
0.975576
0.927784
0.916654
0.917965
0.922887
0.92882
0.935033
0.941324
0.947637
0.953957
0.96028
0.966604
0.972929
0.979255
0.985582
0.99191
0.998239
1.00457
1.0109
1.01723
1.02356
1.0299
1.03623
1.04256
1.0489
1.05524
1.06157
1.06791
1.07425
1.08058
1.08692
1.09326
1.0996
1.10594
1.11228
1.11862
1.12496
1.13131
1.13765
1.14399
1.15033
1.15668
1.16302
1.16936
1.1757
1.18205
1.18839
1.19474
1.20108
1.20742
1.21377
1.22011
1.22645
1.2328
1.23914
1.24549
1.25183
1.25817
1.26452
1.27086
1.2772
1.28355
1.28989
1.29623
1.30257
1.30891
1.31526
1.3216
1.32794
1.33428
1.34062
1.34696
1.3533
1.35963
1.36597
1.37231
1.37865
1.38498

1.19538
1.20085
1.20632
1.2118
1.21727
1.22274
1.22822
1.23369
1.23916
1.24464
1.25011
1.25558
1.26105
1.26653
1.272
1.27747
1.28295
1.28842
1.29389
1.29936
1.30483
1.3103
1.31578
1.32125
1.32672
1.33219
1.33766
1.34313
1.3486
1.35407
1.35954
1.36501
1.37047
1.37594
1.38141
1.38688
1.39234
1.39781
1.40328
1.40874
1.4142
1.41966
1.42508
1.43043
1.43553
1.43985
1.44167
1.43608
1.4119
1.35182
1.24614
1.11923
1.02259
0.975554
0.960251
0.958445
0.961466
0.966117
0.97131
0.976682
0.982114
0.987565
0.993024
0.998485
1.00395
1.00941
1.01487
1.02034
1.0258
1.03127
1.03673
1.0422
1.04767
1.05313
1.0586
1.06407
1.06954
1.07501
1.08047
1.08594
1.09141
1.09688
1.10235
1.10782
1.11329
1.11877
1.12424
1.12971
1.13518
1.14065
1.14612
1.1516
1.15707
1.16254
1.16801
1.17349
1.17896
1.18443
1.1899
1.19538

1.01501
1.01961
1.02423
1.02887
1.03351
1.03814
1.04278
1.04742
1.05206
1.0567
1.06134
1.06599
1.07063
1.07527
1.07991
1.08455
1.08919
1.09384
1.09848
1.10312
1.10776
1.11241
1.11705
1.12169
1.12634
1.13098
1.13562
1.14027
1.14491
1.14956
1.1542
1.15884
1.16349
1.16813
1.17278
1.17742
1.18207
1.18671
1.19136
1.196
1.20065
1.20529
1.20994
1.21458
1.21922
1.22387
1.22851
1.23316
1.2378
1.24245
1.24709
1.25174
1.25638
1.26103
1.26567
1.27032
1.27496
1.27961
1.28425
1.28889
1.29354
1.29818
1.30283
1.30747
1.31211
1.31676
1.3214
1.32604
1.33069
1.33533
1.33997
1.34461
1.34926
1.3539
1.35854
1.36318
1.36782
1.37246
1.3771
1.38172
1.38632
1.39085
1.3952
1.39908
1.40171
1.40108
1.39262
1.36788
1.31636
1.23503
1.14115
1.06524
1.02178
1.00338
0.99824
0.998945
1.00203
1.00606
1.01046
1.01501
