0.0252118
0.0552173
0.0593859
0.0357673
-0.00458732
-0.0427954
-0.0609791
-0.05063
-0.0165905
0.0252118

0.000690756
0.00627294
0.0117521
0.0170383
0.0220448
0.0266892
0.0308955
0.0345944
0.0377253
0.0402367
0.0420875
0.0432472
0.0436967
0.0434288
0.0424477
0.0407697
0.0384223
0.0354439
0.0318835
0.0277997
0.0232593
0.0183371
0.0131137
0.00767505
0.00211034
-0.00348901
-0.00903108
-0.0144249
-0.0195818
-0.0244172
-0.0288516
-0.0328123
-0.0362343
-0.0390613
-0.0412468
-0.0427552
-0.0435614
-0.0436524
-0.0430267
-0.0416944
-0.0396775
-0.0370091
-0.033733
-0.0299031
-0.0255821
-0.020841
-0.0157578
-0.0104158
-0.00490277
0.000690756


3.75038e+120
-1.21002e+120
-3.63093e+120
1.2092e+120
3.49985e+120
-1.20874e+120
-3.35838e+120
1.20937e+120
3.20781e+120
-1.21179e+120
-3.04949e+120
1.21673e+120
2.88478e+120
-1.22492e+120
-2.71506e+120
1.23706e+120
2.54165e+120
-1.25382e+120
-2.36585e+120
1.27587e+120
2.18887e+120
-1.30381e+120
-2.01186e+120
1.33818e+120
1.83586e+120
-1.37947e+120
-1.66182e+120
1.42811e+120
1.49056e+120
-1.48441e+120
-1.32281e+120
1.54862e+120
1.15919e+120
-1.62087e+120
-1.0002e+120
1.7012e+120
8.46243e+119
-1.78953e+120
-6.97633e+119
1.88565e+120
5.546e+119
-1.98924e+120
-4.17302e+119
2.09983e+120
2.85834e+119
-2.21685e+120
-1.60244e+119
2.33959e+120
4.05405e+118
-2.4672e+120
7.32956e+118
2.59872e+120
-1.81301e+119
-2.73309e+120
2.83524e+119
2.86911e+120
-3.80016e+119
-3.00553e+120
4.70827e+119
3.14098e+120
-5.56003e+119
-3.27407e+120
6.35585e+119
3.40334e+120
-7.0961e+119
-3.52731e+120
7.78111e+119
3.64452e+120
-8.41119e+119
-3.75351e+120
8.98674e+119
3.8529e+120
-9.50821e+119
-3.94135e+120
9.97625e+119
4.01764e+120
-1.03917e+120
-4.08067e+120
1.07556e+120
4.12947e+120
-1.10695e+120
-4.16323e+120
1.13353e+120
4.18133e+120
-1.15551e+120
-4.18332e+120
1.17319e+120
4.16896e+120
-1.18687e+120
-4.13819e+120
1.19695e+120
4.09118e+120
-1.20384e+120
-4.02827e+120
1.20805e+120
3.95e+120
-1.21009e+120
-3.85708e+120
1.21054e+120
3.75038e+120