1.18197
1.15498
1.15283
1.17117
1.19947
1.22792
1.24665
1.2452
1.21981
1.18197

1.10405
1.08003
1.08012
1.09322
1.11229
1.13393
1.15663
1.17975
1.20299
1.22618
1.24913
1.27147
1.29243
1.31017
1.32052
1.31547
1.28551
1.22795
1.15818
1.10405

1.03179
1.03354
1.04114
1.05116
1.06216
1.07356
1.08511
1.09672
1.10836
1.12001
1.13166
1.14331
1.15497
1.16663
1.17829
1.18995
1.20161
1.21327
1.22493
1.23659
1.24825
1.25991
1.27157
1.28322
1.29487
1.30651
1.31811
1.32963
1.34093
1.35173
1.36123
1.36751
1.36604
1.34856
1.30495
1.23231
1.14728
1.07943
1.04323
1.03179

1.01538
1.02094
1.02665
1.03241
1.0382
1.044
1.0498
1.05561
1.06141
1.06722
1.07302
1.07883
1.08463
1.09044
1.09625
1.10205
1.10786
1.11367
1.11948
1.12529
1.13109
1.1369
1.14271
1.14852
1.15433
1.16014
1.16595
1.17176
1.17757
1.18338
1.18919
1.195
1.20081
1.20662
1.21243
1.21824
1.22405
1.22986
1.23567
1.24148
1.24729
1.2531
1.25891
1.26472
1.27053
1.27634
1.28215
1.28796
1.29377
1.29958
1.30538
1.31119
1.317
1.32281
1.32862
1.33443
1.34023
1.34604
1.35185
1.35765
1.36345
1.36924
1.375
1.3807
1.3862
1.39123
1.39501
1.39553
1.38822
1.36469
1.31447
1.23457
1.14215
1.06758
1.02532
1.00808
1.00409
1.00595
1.01019
1.01538